53.14896
53.14934
111.0958
88.77973
37.603794
48.281055
43.388893
219.4951
74.90677
119.34099
148.41722
126.419495
148.41722
148.41722
88.77973
91.992004
78.243805
123.49223
148.41753
151.34453
220.21257
54.62412
216.24428
216.24431
162.52934
-4.587275
160.30252
88.77973
19.911627
-4.587275
146.51595
53.14896
51.93311
111.096115
146.51595
53.14896
208.27602
97.36589
306.03323
130.31999
287.65472
148.41722
184.15575
148.41722
219.87614
251.85872
300.49765
215.29753
342.84863
220.21257
220.21257
220.21257
184.15575
273.98053
216.24431
220.21257
-4.587275
100.91498
88.77973
19.911627
53.14896
146.51595
53.148945
53.14896
265.9019
53.14896
53.14896
225.71968
103.08778
220.21556
111.928474
201.49889
148.41722
174.0533
148.41722
148.41722
53.14896
301.52933
223.12749
220.21257
220.21257
148.41722
148.45216
273.98053
273.98053
273.92932
220.21257
-4.5873055
88.62618
88.77973
25.988913
53.14896
146.50276
53.14896
146.51595
100.62519
146.51595
53.194904
242.96788
73.25625
242.968
112.14738
205.51439
120.33205
123.49223
148.41722
148.41722
134.115
134.115
181.22847
242.968
148.41722
148.41722
148.41722
181.22847
242.48332
234.26509
220.21257
-4.587275
70.139046
88.77973
146.51595
53.14896
146.51595
53.14896
146.51595
134.6567
146.51595
53.14896
145.4126
51.879215
182.1906
74.90702
167.46202
148.41722
181.22829
148.41722
148.41722
146.51595
191.85124
181.22847
148.41722
148.41722
148.41722
148.41722
181.67809
181.22847
220.19276
220.21257
-4.587275
191.85124
146.51595
53.213337
53.14896
146.51595
